 525  446
 567  417
 804   49
 449  331
 727  188
 859   27
1024    1
 670  234
 505  464
 853   33
 386  371
 547  421
 524  456
 863   18
 624  290
 513  462
 868   14
 747   88
 671  256
 780  120
 711  119
 614  279
 538  429
 887   11
 494  475
 616  363
 734  162
 549  422
 563  436
 697  272
 820   24
 408  284
 594  396
 681  281
 942    4
 602  212
 966    5
 870   26
 689  233
 439  385
 806  146
 508  280
 673  224
 748  187
 525  207
 498  247
 561  255
 626  354
 374  337
 639  209
 651  327
 714  248
 381  321
 556  414
 558  423
 561  417
 653  328
 938    7
 618  319
 968    6
 496  301
 742  231
 576  393
 744  144
 381  345
 804   29
 894   27
 559  264
 756  148
 511  454
 553  354
 617  156
 823   34
 771  117
 904   19
 540  436
 749  199
 707  208
 793   92
1016    1
 449  273
 562  406
 668  297
 660  295
 515  476
 785  148
 946    9
 564  422
 913    6
 653  193
 552  194
 809   56
 816  106
 526  469
 837   47
 630  362
 821   59
 724  183
 672  286
 747   93
 761  154
 927    6
 756  149
 698  264
 497  401
 550  428
 861   26
 921    6
 529  434
 577  166
 583  407
 538  448
 674  234
 897   23
 918    7
 679   70
 731  166
 609  368
1002    4
 600  387
 749  124
 553  419
 607  355
 687  240
 742  191
 522  477
 571  419
 638  317
 664  316
 907    4
 826   75
 709  248
 842   12
 784   37
 488  327
 495  482
1020    1
 749  211
 601  347
 800  120
 538  428
1024    1
 700  219
 544  322
 653  175
 652  338
 787   71
 525  312
 529  439
 595  383
 653  316
 629  362
 427  416
 856    8
 587  206
 623  349
 875   10
 515  476
 523  452
 706  121
1025    1
 595  353
 753  196
 557  424
 882    8
 728   30
 500  451
 769  126
 492  372
 835   12
 735   27
 714  246
 341  271
 530  438
 983    3
 552  288
 756  105
 611  375
 576  400
 618  372
 945    5
 388  387
 566  328
 811   57
 554  178
 702  284
 516  469
 527  450
 400  281
 851   19
 832   98
 734  192
 529  441
 436  246
1022    1
 617  225
1018    2
 865   12
 569  306
 742  192
 518  460
 591  402
 667  219
 545  335
 362  350
 531  372
 662  221
 813   46
 577  124
 673  299
 738  136
 584  383
 877    7
 834    9
 574  410
 716  192
 769  117
 413  284
 893   14
 573  237
 565  420
 548  414
 747  127
 922   11
 605  340
 613  361
 715  212
 804   94
 934    7
 824   60
 621  348
 899   16
 407  303
 801   62
 792   15
 457  291
 725  107
 984    8
 625  322
 618  347
 665  244
 864   18
 538  227
 472  254
 784   96
 692   36
 755  160
 574  274
 459  238
 797   97
 732  226
 758  131
1025    1
 611  358
 812   50
 579  407
 601  385
 598  378
 810   71
 497  478
 704  238
 666  291
 789   18
 519  269
 617  351
 752  212
 624  356
 537  344
 745  126
 494  491
 782  133
 716  188
 623  346
 930    9
 584  230
 623  178
 819   25
 647  322
 478  390
 641  298
 801   93
 797   74
 806   78
 726  179
 728  194
 754   70
 446  229
 760  186
 640  313
 432  377
 623  361
 727  177
 467  253
 878   35
 613  369
 517  444
 723  215
 979    3
 417  408
 547  429
 769  123
 407  309
 611  158
 354  263
 842   29
 390  342
1017    1
 466  257
 716  218
 645  319
 640  317
 799   73
 710  201
 645  167
 762  205
 847    6
 358  311
 795  109
 492  474
 868   19
 667  242
 582  379
 526  437
 491  369
 544  434
 779  115
 662  158
 455  238
 680  145
 461  342
 903    9
 672  132
 596  364
 496  492
 544  364
 743  169
 500  356
 616  124
 572  151
 595  374
 707  210
 433  366
 757  185
 511  324
 907    7
 865   20
 656  268
 922    8
 690  221
 478  279
 761   29
 493  486
 946    4
 657  290
 829   44
 807   43
 709  197
 695  245
 866   25
 516  482
 877   15
 822   85
 833   52
 504  486
 553  416
 534  447
 533  459
 787  116
 664  293
 800   29
 570  410
 591  393
 957    4
 543  284
 771   96
 580  396
 500  475
 744  205
 741  200
 498  458
 833   24
 492  478
 790  147
 604  370
 737  198
 692  212
 584  386
 524  464
 676  137
 782  105
 849   55
 692  254
 755  210
 537  446
 764  169
 488  482
 592  376
 484  272
 652  290
 425  244
 605  345
 581  385
 585  374
1022    1
 756   60
 622  348
 810  116
 898   10
1023    1
 563  409
 794   71
 433  305
 771  109
 603  336
 543  199
 495  481
 616  330
 536  366
 769  138
 748  204
 542  434
 655  326
 724  197
 631  328
 679  144
 819   69
 692  254
 468  274
 518  456
 800  118
 801   25
 507  334
 890    7
 758  182
 482  290
 622  297
 517  458
 560  406
 813   66
 595  396
 723  114
 534  454
 381  342
 956    4
 448  432
 711  245
 576  309
 481  434
 642  305
 737  192
 811   50
 529  463
 729  218
1000    2
 489  488
 845   21
 808   86
 647   77
 703  230
 694  263
 884   30
 484  463
 632  331
 765  156
 557  423
 469  261
 603  367
 498  494
 803  124
 743  182
 576  398
 745   64
 867   10
 770  151
 782   19
 804   19
 758  120
 506  488
 562  390
 598  136
 810  104
 514  267
 744  216
 499  495
 499  471
 589  392
 467  350
 619  327
 763  197
 635  310
 427  287
 505  485
 687   80
 357  311
 990    3
 439  309
 722  193
 623  144
 493  304
 513  474
 693  251
 743  148
 457  442
 783   29
 807  110
 669  188
 628  341
 508  480
 375  288
 850   14
 637  344
 612  253
 556  169
1008    2
 523  380
 767  147
 662  275
 980    4
 577  197
 708  247
 388  261
 910    9
 771  125
 504  468
 918    7
 649  293
 594  183
 610  130
 619  368
 559  402
 516  315
 512  456
 831   31
 802   77
 555  417
1011    2
 450  313
 430  283
 880   29
 710  260
 539  438
 806   13
 727   83
 812   21
 566  238
 554  439
 851   28
 524  455
 708  243
 580  351
 536  199
 638  209
 770   84
 747  195
 807   36
 564  428
 669  288
 689  261
 662  294
 683  234
 975    3
 736   91
 471  242
 759   95
 468  426
 628  363
 790  144
 565  411
 717  152
 734  229
 883   22
 796   30
 342  297
 600  372
 762  128
 522  464
 574  406
 355  294
 849   20
 800   19
 627  331
 597  391
 840   17
 582  385
 626  340
 527  408
 655  294
 788  163
1020    1
 654  305
 643  314
 658  246
 793  143
 538  325
 674  215
 882   13
 497  482
 897   23
 551  414
 873    8
 848   40
 693  138
 526  373
 904    9
 746  218
 775  106
 923    8
 503  241
 917   11
 819  104
 677  296
 630  324
 506  304
 499  423
 593  361
 710  258
 584  393
 651  303
 771  172
 759  163
 558  301
 726  247
 554  237
 892   16
 469  242
 559  148
 528  271
 711  198
 617  341
 620  152
 598  213
 554  423
 503  484
