 525    6
 567    5
 804    9
 449   94
 727    9
 859   17
1024    1
 670   14
 505    3
 853    8
 386  143
 547    4
 524    4
 863    9
 624    9
 513    4
 868   11
 747   29
 671   11
 780   42
 711   23
 614   10
 538    9
 887    4
 494    5
 616    6
 734    9
 549    4
 563    2
 697    7
 820   15
 408  252
 594    3
 681    4
 942    3
 602   14
 966    5
 870   11
 689    8
 439   82
 806    7
 508   58
 673    9
 748    6
 525  132
 498  159
 561   36
 626    4
 374  212
 639   45
 651    6
 714    6
 381  154
 556    5
 558    3
 561    3
 653    3
 938    6
 618    5
 968    4
 496  122
 742    3
 576    5
 744    8
 381  158
 804   16
 894   10
 559   34
 756    9
 511    4
 553   10
 617   87
 823   22
 771   27
 904    6
 540    4
 749   19
 707    5
 793    7
1016    1
 449  142
 562    3
 668    5
 660    4
 515    3
 785    4
 946    7
 564    4
 913    5
 653   31
 552   94
 809   26
 816   10
 526    2
 837   18
 630    4
 821   42
 724   14
 672    9
 747   18
 761    8
 927    3
 756   10
 698    8
 497   12
 550    4
 861    6
 921    4
 529    3
 577  124
 583    4
 538    4
 674   15
 897    8
 918    6
 679   47
 731   11
 609    7
1002    2
 600    5
 749   17
 553    4
 607    5
 687    7
 742    5
 522    3
 571    3
 638    8
 664    3
 907    4
 826   14
 709    5
 842   11
 784   17
 488   17
 495    4
1020    1
 749    5
 601    7
 800    5
 538    4
1024    1
 700    6
 544   11
 653   16
 652    5
 787   41
 525   34
 529    3
 595    3
 653    3
 629    4
 427   33
 856    6
 587   42
 623    5
 875   10
 515    5
 523    3
 706   25
1025    0
 595   12
 753    7
 557    3
 882    6
 728   21
 500    4
 769   20
 492   57
 835   11
 735   13
 714    6
 341  271
 530    4
 983    3
 552   21
 756   51
 611    9
 576    8
 618    4
 945    3
 388  124
 566    7
 811   12
 554   97
 702    4
 516    6
 527    6
 400  258
 851   16
 832   15
 734    9
 529    5
 436  209
1022    1
 617   40
1018    1
 865   12
 569   14
 742    8
 518    4
 591    3
 667   12
 545   65
 362  228
 531   21
 662   17
 813   23
 577  111
 673    3
 738   18
 584    3
 877    6
 834    8
 574    4
 716    7
 769   16
 413  174
 893    9
 573   30
 565    3
 548    5
 747   15
 922    9
 605   14
 613    3
 715   14
 804    7
 934    4
 824   29
 621    7
 899   11
 407  232
 801   19
 792   11
 457   69
 725   36
 984    3
 625    8
 618    5
 665   14
 864    9
 538  151
 472  146
 784   12
 692   29
 755   10
 574   21
 459  191
 797    9
 732    6
 758   16
1025    0
 611    5
 812   11
 579    5
 601    4
 598    5
 810   16
 497    3
 704    5
 666    7
 789   14
 519   93
 617    6
 752    7
 624    3
 537   26
 745    8
 494    3
 782    5
 716   15
 623    6
 930    8
 584   22
 623   50
 819   15
 647    8
 478   35
 641    4
 801   11
 797   21
 806   16
 726   11
 728   11
 754   21
 446  223
 760    5
 640    4
 432   78
 623    5
 727    5
 467  180
 878    5
 613    2
 517    5
 723    9
 979    3
 417   69
 547    4
 769   15
 407  196
 611   19
 354  259
 842   14
 390  162
1017    1
 466  152
 716    6
 645    4
 640    5
 799   20
 710    6
 645   27
 762    4
 847    5
 358  235
 795    8
 492    4
 868    8
 667    8
 582    6
 526    3
 491   22
 544    4
 779   14
 662   51
 455  233
 680   34
 461   88
 903    5
 672   28
 596    5
 496    4
 544   12
 743    9
 500   49
 616   99
 572  104
 595    4
 707    7
 433  107
 757    8
 511   65
 907    5
 865   18
 656    7
 922    6
 690    6
 478  138
 761   29
 493    3
 946    4
 657    5
 829    8
 807   23
 709   15
 695   14
 866   18
 516    3
 877   12
 822   22
 833   18
 504    3
 553   18
 534    5
 533    4
 787    8
 664   15
 800   17
 570    6
 591    5
 957    4
 543   36
 771   16
 580    7
 500    7
 744    4
 741    5
 498    4
 833   24
 492    6
 790   19
 604    4
 737   12
 692    5
 584    4
 524    3
 676   63
 782   12
 849    6
 692    7
 755    5
 537    5
 764    7
 488    4
 592    6
 484  127
 652    8
 425  210
 605    6
 581    3
 585    5
1022    1
 756   14
 622    7
 810    9
 898    9
1023    1
 563    3
 794   20
 433  129
 771   15
 603   13
 543  194
 495    4
 616    6
 536    7
 769   10
 748    6
 542    3
 655    2
 724   10
 631    4
 679   23
 819   10
 692   13
 468  105
 518    3
 800   13
 801   24
 507   16
 890    6
 758    6
 482   62
 622    5
 517    3
 560    6
 813   20
 595    5
 723    9
 534    3
 381  205
 956    3
 448   13
 711    5
 576   19
 481   15
 642    6
 737   14
 811   14
 529    7
 729    4
1000    2
 489    4
 845   10
 808   10
 647   39
 703    5
 694    5
 884    8
 484    7
 632    2
 765    9
 557    8
 469  134
 603    8
 498    3
 803    6
 743    4
 576    5
 745   11
 867    9
 770   11
 782   10
 804   12
 758   14
 506    4
 562    7
 598   43
 810   14
 514   64
 744    4
 499    3
 499    8
 589    4
 467   64
 619   10
 763    5
 635    7
 427  201
 505    3
 687   47
 357  221
 990    2
 439  151
 722    9
 623   97
 493   36
 513    2
 693    4
 743    7
 457    8
 783   28
 807    7
 669   15
 628    6
 508    7
 375  231
 850   13
 637    3
 612   21
 556  144
1008    2
 523    6
 767   11
 662    5
 980    3
 577   88
 708    3
 388  261
 910    7
 771    8
 504    3
 918    4
 649    5
 594   75
 610   95
 619    4
 559    4
 516   26
 512    7
 831   15
 802   11
 555    4
1011    2
 450  117
 430  187
 880   11
 710    5
 539    5
 806   10
 727   37
 812   14
 566   40
 554    3
 851   13
 524    4
 708    7
 580    6
 536  189
 638   26
 770   33
 747    5
 807   28
 564    2
 669    7
 689    6
 662    6
 683   10
 975    3
 736   39
 471  124
 759   16
 468   17
 628    3
 790    6
 565    5
 717    8
 734    6
 883   20
 796   16
 342  289
 600    4
 762   11
 522    3
 574    6
 355  274
 849   10
 800   11
 627    5
 597    3
 840    9
 582    7
 626    6
 527    8
 655    7
 788    4
1020    1
 654    6
 643    5
 658   18
 793    6
 538   29
 674   13
 882    6
 497    5
 897    7
 551    4
 873    7
 848   25
 693   14
 526    8
 904    5
 746    5
 775   20
 923    7
 503  186
 917    7
 819    9
 677    4
 630    8
 506   73
 499   16
 593    7
 710    7
 584    4
 651    7
 771    6
 759    5
 558   29
 726    3
 554   45
 892   11
 469  120
 559  132
 528   55
 711    8
 617    7
 620  140
 598   46
 554    5
 503    2
