 476   550
 583     0
 215     0
 468   176
   0   731
 162   864
   2     0
 677   310
   0   528
 164   862
 224   387
   0   464
 538     0
 869     0
  43   636
 539     0
   0   155
 181   753
 685    13
 242     0
 203   721
 323    76
   0   475
 892     0
 521     0
   0   391
 738   288
 561   465
   0   450
 700     0
 823     2
 291   426
 423   603
 338     0
 943    83
 288   120
 967     0
 877     0
 330   696
 426   140
 808     0
 185   527
 681    47
 760   266
 268   542
 285   512
 138   582
 394     0
 270   364
  97   650
 658     0
 298   728
 376   412
 576   450
 571     0
   0   577
   0   368
 940    86
 389     0
  58   968
 194   326
   0   279
 599   427
 758     0
 413   381
   0   809
 132     0
 325   575
 265   761
 534     0
 571    59
 232   623
   0   825
 249     0
 118     0
 459     0
   0   275
   0   310
   0   799
   9  1017
 317   235
 450     0
 679     0
 359     0
 541     0
 231   795
 946     0
 450   576
 106   920
 284   664
 247   210
 812     0
 821     0
 486   540
 841     0
 636     0
 203   823
   0   297
   0   684
 119   751
 261   765
   0    94
   0   262
   0   322
  57   526
 456   570
 160     0
 104     0
 478     0
 203   225
 437     0
 478   548
   0   689
 899     0
 921    97
 193   685
   0   286
 621   405
  24  1002
   0   610
   0   269
 455   571
 407   619
   0   697
 275     0
   0   536
 439     0
 655     0
 354   672
 116   910
 829   197
 721   305
  44   847
 788    79
 364   135
   0   512
1020     0
   0   757
   0   609
 224   802
   0   461
1024     0
   0   710
 105   362
 669    92
   0   370
 233   793
 118   352
 548     0
 411     0
   0   660
   0   634
 126   440
 860     0
 606   129
 391     0
 878   148
 535   491
   0   544
 130   710
   0     1
   0   412
 767   259
 579     6
 889   137
 172   118
   0   502
 776     0
 405   115
  82   837
 109   746
 722   304
 320   374
   0   555
   0    43
 101   567
 763   263
 406   620
   0   585
 626     0
  78     0
 433   178
 376    72
 211     0
 254   563
 712   314
 493     0
 541   485
 417   315
 855     0
 192   834
   0   287
 470     0
 271   459
   4     0
 294   102
   8     0
 157     0
 361   588
 750   276
   0   541
 433     0
 683   343
 551   364
 271   371
 556    49
  65   291
   0   208
 220   589
   0   347
   0   755
   0   428
  88    56
 846     0
   0   431
 726     0
 776   250
 327   449
 896     0
 288   157
 444   582
 450   576
 755   229
 103   923
 405     7
 400     0
 304   722
   0   812
   0    92
   0   827
   0   634
   0   901
 273   325
   0   219
 160   794
 186   480
   0   731
 984    42
 647     0
 395   631
   0   343
 869     0
 207   270
 315   217
 795   231
 166   697
 265     0
 132   309
 282   269
   0   223
 290     0
 762   264
   1  1025
 395   631
 815     0
 435     0
 416     0
 421   605
 813   213
 506   520
   0   710
 682     0
 790   113
 179   539
 400     0
 267   759
 630     0
 550   105
  56   751
   0   509
 238   788
 299     0
 387     0
  95     0
 140   600
 250   630
   0   823
 372     0
 418   494
   0   658
 221     0
 215   811
   0   810
 738     0
   0   740
   0   768
 295   270
   0   258
   0   374
 454   164
 633   393
 735     0
 241   292
 144     0
 401     0
   0   480
 295   731
 980     0
 433   163
 459   567
 771   255
 439   245
 621   252
 328   392
 849     0
 226   369
   8  1017
 307   497
   0   727
   0   366
   0   652
   0   806
 306     0
 290    78
   0   263
 124    50
 353   387
 224   802
   0   516
   0   871
 346   680
   0   598
 482   544
 396   507
 467     0
 780     0
 221   670
 269   481
 112   692
 370   170
 907     0
 214   128
 609     0
 509     0
 405    52
   0   754
 113   380
 200   201
 589   213
 608     0
 728     0
 381   449
 764     0
 139   521
 116     0
 869   157
 667   359
   0   923
   0   708
 492   316
 160    96
 514   512
   0    79
   0   355
 834     0
 816     0
 295   722
 703     0
 159   867
 532   494
   0   147
 196   830
   0   185
   0   521
 572   454
 556     0
   0   483
 232     0
 358   668
 807     0
   0   582
 607     0
  68     0
 151   319
   0   240
 594     0
   0   492
   0   279
   0   750
 523   503
   0   189
   0   510
 234     0
   0   402
 743     0
 699    42
 599     0
   0   489
 199   683
   0   788
 851     0
 702     0
 264   762
   0   545
 770     0
 519   507
 421     0
 311   496
 665   361
 301   259
 406     0
   0   597
 425   601
   0     4
 762   171
 389     0
 814     0
 124     0
1023     0
   0   584
   0   228
 465   215
   0   780
 616   410
 240   236
 518     0
 395   631
  64   409
 777     0
 755     0
   0   468
 662   364
   0   289
   0   641
 280    57
   0   827
 322   704
 223   490
 487   539
 218   808
 127    94
 519   378
 891     0
 765   261
 505   344
 388     0
 482     0
 583     0
   0   209
   0   598
 234    63
   0   474
 377   242
 958     0
 469   456
 721     0
 348   587
  74   452
   0   370
 744     0
   0   211
 486   540
 291   735
1000     0
   0   510
   0   847
 812     0
 665   176
   0   708
 710     0
 140   886
 502   477
 382     0
 770   256
 571   455
 500   207
 619     0
 516   510
 212     0
   0   277
 441     0
 758    93
   0   155
   0   255
 791   156
 808   186
   0   262
   0   525
 585     0
 222   613
 211   815
 191   526
   0   749
   0   517
   0   525
   0   605
 489   154
 371    26
 765   261
   0   656
 454   251
   0   524
 692   168
 396   350
 992    34
 343   465
 727   299
 638   172
 515   158
 530     0
 319     0
   0   752
  62   483
  95   142
 213   813
 336   690
   0   649
 501   525
 288   413
 170   856
   0   647
 629    92
 229   231
   0  1008
  57   543
   0   769
 671   355
  44   982
 597   244
 713   302
 411   308
 113     0
 778   248
 495   531
  11    95
 369   657
 607   257
 204   196
   0   396
 448     0
 530   149
 492     0
   0   192
 215   811
   0   457
1011    15
 354   474
 245   328
 143   883
 714   310
 555   471
 812     0
 177   729
 816    24
 580   159
 459     0
 164     0
 484   542
 308   718
 388   595
 552   227
 259   648
 774   252
   0   270
 811     0
 577     0
 347     0
 331   695
 673     0
 289    48
   0   975
   0   273
 302   497
 761   219
  72   459
 638     0
 232   794
 581     0
 258    46
 736     0
 134   892
   0   219
 339   318
 613     0
 771   255
 493   533
   0   441
 306   387
 173   853
 105   113
 642   384
   0   605
 180     0
 425     0
 390   636
 535    58
 363     0
 794   232
   6  1020
   0   361
 653   373
  36   319
 797     0
 370   556
  81   678
   0   885
   0   505
 899    28
 457     0
 877     0
   0   848
 696   214
  62   553
   0   118
 749     0
 782   244
  48    52
 280   230
   0   920
 824     0
 344     0
   0   380
 154   529
 447   511
 603     0
   0   714
 434   592
   0   664
   0   252
 764   262
 100   569
 731   295
 333   569
   0   893
 234   303
 223   577
 539   330
 303   723
 395     0
 622   196
 132   613
   0   570
 502     0
